120091
317746
134136
349143
246669
223716
375590
175309
193387
240591
305852
243884
210258
104359
349140
104364
263766
279143
241268
177957
352234
129343
364705
104368
180921
168593
107264
262929
331708
176160
231181
347659
220921
104385
240724
266631
148669
182721
103938
335089
160214
240434
121088
343466
240008
217739
104398
276526
138847
196681
104406
176638
187807
303202
304533
114106
190322
326088
169199
298446
185233
104417
301144
275816
331518
124931
214737
325598
380174
348012
115080
352301
275854
100192
318383
307827
112854
181991
149977
367956
169209
318472
287093
175323
209413
270858
253102
306842
362652
380602
206304
324290
122784
109138
107274
109297
311520
190153
202488
259200
348265
104497
294213
339310
176402
302614
171550
205517
229643
341241
113143
229334
104526
167583
100366
198189
177072
153652
118332
115671
265222
348021
169799
317037
143954
204396
179803
218493
165806
188381
104561
276001
192269
170349
289361
194257
108813
300621
156608
110635
240723
104571
276315
251670
148230
170659
175129
332696
100527
296806
332014
111182
190010
164724
276553
197960
341722
104608
321951
344867
104610
264577
318444
367015
114980
117014
104626
104570
289585
180534
166542
303669
248326
257047
113954
188690
169115
145781
104651
219087
100615
109304
113537
210231
137850
104646
271675
120861
229105
206545
263127
104671
194090
104677
146843
266506
159115
223212
248881
339176
104683
276052
166176
133834
165328
252300
173035
184705
318056
119190
104698
152704
172241
129253
188215
120862
229471
266339
303441
245404
317806
192951
330887
118111
325019
223546
182237
240979
297028
252476
118513
240660
117703
112215
347770
184083
235586
349002
199128
100783
112822
112547
146991
149479
100810
148005
104759
170330
322840
349069
363660
301591
348124
319690
114012
317907
348215
367551
245958
100818
104781
303579
246320
197676
348146
193973
112823
100876
364996
213189
290660
168579
357926
178464
253103
248754
155055
252282
198604
166196
220184
206338
219001
165867
339926
137873
178033
167197
301146
249214
176744
182443
104859
239871
267780
324088
337922
152005
263796
167289
111184
305815
155185
101010
241105
203287
144344
167918
213145
266400
367462
289113
339702
261547
199060
362645
264500
104926
167295
121157
182376
154807
104934
159865
163250
295986
263709
376755
246947
125942
173997
240229
155704
288886
361237
188367
232023
356828
130348
289501
333923
289951
100435
220399
121774
188488
276435
101178
159096
196256
141236
183833
175547
243438
317263
183376
105021
186919
105038
348065
105040
149418
111726
348611
105043
263225
348462
366618
256249
260667
183121
330076
251248
105059
376775
158392
255901
343069
185423
380862
284281
218964
381236
225063
229283
357928
214902
192818
177958
105074
276431
340659
199129
123870
105077
105078
230932
289866
121777
105085
101340
171337
229797
141271
291962
177133
213497
378022
366987
240480
168017
267638
328265
367401
367598
178175
242289
176341
161354
275762
174034
218062
101385
224007
339994
196224
148994
306782
349138
270803
254751
181287
347367
265224
317566
331621
146262
201483
111729
228955
311070
327559
237675
182447
141288
257875
105148
289942
215204
290291
190315
330974
251223
218029
284152
167155
101466
267830
153558
101475
225189
225190
112366
105173
128902
111055
340101
298467
368350
176669
276659
357205
189938
172230
137634
214474
362838
270241
357055
105198
184841
293509
217963
122796
171600
317426
171089
270291
347380
111444
325006
203647
119631
113541
289584
148571
309967
105228
196675
111732
254787
113762
105245
115027
229439
240123
303516
255526
105270
105271
317470
366742
240433
279873
151741
347670
128418
334397
347570
196358
161950
303254
161577
148996
264101
211124
107920
181957
152655
318508
171551
161735
212341
240725
363241
164835
105326
154498
321208
141335
276218
147009
367407
190693
220573
356881
168676
264311
318509
367177
146793
152132
161435
221560
357109
348308
105362
364638
330942
174688
217005
190209
207354
303584
157690
276420
345742
163670
110786
352059
292090
364586
139038
132549
101874
368484
244982
347995
325621
289693
164642
105396
104267
232231
348913
351215
173529
101913
113150
236722
316918
112367
121849
173898
351251
349070
161312
369548
352842
320580
105419
105423
105426
181278
166540
105427
171552
323953
192824
167290
166947
276450
286666
252176
248612
168453
178548
350705
348210
101954
172629
115955
174154
134518
122431
377935
196072
376799
229073
101978
217746
178340
347366
267731
105470
276449
265226
317455
283056
331496
374522
351113
157873
201226
320636
231305
177766
265882
123155
185421
352049
192002
207237
149002
365580
218335
160169
348456
186754
177767
345907
226098
340891
174121
301338
179025
350688
139973
304671
347375
331765
253846
102121
105540
379945
114934
172784
121845
280038
184811
105546
182176
317424
283341
364587
182444
264522
133331
105553
286698
311889
156848
186314
158881
222189
159872
205917
284900
181960
172006
315800
173999
160132
278363
370085
319741
332009
173276
339257
122433
213191
199126
209103
236485
331762
184338
239988
239987
177241
181989
349342
105551
321948
105563
143967
304514
157100
362642
167946
240428
208625
350440
290253
329386
105611
229882
331642
174686
251903
284619
105615
348876
185070
154526
181931
126032
232292
337807
240726
167337
380863
305734
107408
123171
342093
105633
185298
353875
184697
112194
258069
331710
113381
167659
197921
156231
178546
153720
112583
112281
368754
317070
342573
192838
136291
105657
291869
128821
357112
341718
253136
349144
107645
105665
265223
105668
168428
168670
330983
157878
292302
243441
260784
264794
166497
363699
178777
364472
169977
126378
166175
167343
357898
154408
166241
107931
317833
223148
255202
156748
106911
173510
196782
148690
107423
182445
127186
134990
161833
235296
138380
136505
348202
182032
332217
102469
192820
349141
168884
189937
129345
289695
348697
143942
105747
166646
148581
112068
109056
171093
364203
150822
303939
224574
197001
371612
159310
379893
365525
115530
105777
105782
210230
140973
335182
325659
208618
285988
380006
318514
317488
252123
102553
242053
152295
251923
172779
171691
166619
245459
263769
177246
220185
123941
274340
183163
128043
112485
365145
251931
318512
221029
331806
105841
187244
218366
113157
276174
178545
357254
108553
206742
317468
218030
159141
194123
149175
348024
105869
192057
133818
303197
347735
181979
303351
218732
178549
278867
331612
332237
357929
102717
314466
364405
105889
317582
331015
181579
240288
185422
105910
348800
112836
348214
126620
199130
105914
176747
138859
303979
105924
178460
270113
252550
181783
159393
379917
133346
221847
175218
183544
346995
114089
105941
375359
110606
381246
263846
160566
258501
102832
203973
289619
105958
206917
230825
296807
162298
196400
251921
299624
216007
349136
317367
188505
114191
123275
276621
225926
118353
172702
150908
259287
113159
105997
276451
106001
192740
307123
126003
161663
181965
201040
161922
306844
331896
253104
113297
181468
116115
106017
193822
169009
191661
303858
218367
251480
341894
317785
180565
279953
362667
156731
347864
349134
145754
154579
364639
244948
109250
379634
320332
253134
270833
289941
148588
168009
320390
306485
102987
196500
228965
338019
303470
129626
182547
106052
207135
218461
148204
212681
266889
288768
301102
325160
174097
196779
106071
332207
376827
270835
175046
262293
171649
157467
107044
341674
103075
202221
321494
106096
157711
110882
169663
289630
375354
220020
103117
241040
357094
364777
342797
220423
106123
331592
180776
250516
191992
131663
168244
229333
178578
135489
110610
169804
185819
111563
358969
174684
106155
188551
239570
106161
304521
379548
357627
136108
313163
253110
380843
106170
197940
161458
207132
172749
290661
273978
196677
112354
349142
171094
196838
103246
276053
317971
196397
331843
311660
106189
174685
220794
196780
113300
236602
112204
103290
283343
316118
107144
106205
362659
103317
103324
229432
124002
176621
248045
198293
347153
145758
182281
270419
147051
106239
152153
339941
229445
242878
106249
147407
315448
288885
324968
156487
218380
331581
365281
303982
278359
209207
250882
252323
153602
112696
284466
167301
103441
168011
380861
106285
252418
182519
150841
157387
187909
106305
316207
116190
263730
132653
150117
176429
326993
350703
192425
206506
115533
212367
265227
263768
106334
261598
335046
106335
119864
106336
340667
160090
163925
202273
306576
137773
157882
106355
316343
103561
106362
110149
283344
326203
377930
103576
190091
196783
144617
103606
103610
205918
292363
108571
320099
144043
209364
268058
169973
150348
363124
162579
231182
288713
276231
183105
170716
331644
271639
365581
146273
199091
212793
242237
221851
103647
248942
138857
240991
321954
229332
162367
141647
190599
123556
162316
148594
271657
145138
348010
363726
262523
187230
162368
210913
317456
200854
128971
174195
376160
174228
216691
246449
178220
126005
280688
106441
242254
263922
154702
331811
347557
178419
231890
106453
172730
222782
216960
103773
106982
350707
106468
167321
331157
339231
196998
330886
106482
350708
208436
308690
112564
220141
252221
229667
185384
125665
160299
301145
365151
235263
303708
213225
279064
379887
125681
106517
190188
247708
221094
276111
270859
347957
131639
312808
109839
106533
365422
242534
153200
205845
133751
160791
292197
106542
185309
176719
381248
327352
351282
115534
103925
341583
192957
123676
106544
183218
265228
103940
156272
310026
136611
126642
223776
217408
223603
355827
228535
173661
379621
106568
356784
243563
290659
167919
106581
149524
364632
346746
340892
171139
235523
106591
150680
134475
103994
168513
188482
347815
295025
289670
356193
115227
124369
306127
113509
241436
276805
176121
188388
152027
107971
199201
335717
120906
138412
181577
277031
272356
190312
172705
172821
131602
279669
312283
372106
129621
106641
107536
113752
106643
284150
107537
222918
280037
177861
159253
348881
176631
106653
192630
141723
258084
176342
218152
107540
341631
104128
110625
231480
319954
379901
106690
106693
179307
346863
320110
106697
115610
169929
298490
183356
181574
235869
362701
317596
115064
216550
319841
201992
156151
341585
308134
130072
111310
278364
251225
348571
196378
243582
106738
364344
229412
166061
180925
106748
178902
365220
263767
190108
238427
267470
145272
169484
310211
332361
161849
364724
254538
282559
106763
169071
183631
373150
162714
171756
284897
331764
199935
356496
259932
283215
206332
356752
221232
178470
106775
112780
116344
106786
162095
149640
112131
266123
260339
104348
106795
251247
270813
243085
251746
263770
171549
325653
210253
128871
